128615, 128615, 128615, 128615, 128615, 128615, 128615, 128615, 128615, 128615, 128615, 128615, 128615, 128615, 128615, 128615, 128615, 128615, 128615, 128615, 128615, 128615, 128615, 128615, 128615, 128615, 128615, 128615, 128615, 128615, 
277231, 277231, 277231, 277231, 277231, 277231, 277231, 277231, 277231, 277231, 277231, 277231, 277231, 277231, 277231, 277231, 277231, 277231, 277231, 277231, 277231, 277231, 277231, 277231, 277231, 277231, 277231, 277231, 277231, 277231, 
432231, 432231, 432231, 432231, 432231, 432231, 432231, 432231, 432231, 432231, 432231, 432231, 432231, 432231, 432231, 432231, 432231, 432231, 432231, 432231, 432231, 432231, 432231, 432231, 432231, 432231, 432231, 432231, 432231, 432231, 
594463, 594463, 594463, 594463, 594463, 594463, 594463, 594463, 594463, 594463, 594463, 594463, 594463, 594463, 594463, 594463, 594463, 594463, 594463, 594463, 594463, 594463, 594463, 594463, 594463, 594463, 594463, 594463, 594463, 594463, 
759463, 759463, 759463, 759463, 759463, 759463, 759463, 759463, 759463, 759463, 759463, 759463, 759463, 759463, 759463, 759463, 759463, 759463, 759463, 759463, 759463, 759463, 759463, 759463, 759463, 759463, 759463, 759463, 759463, 759463, 
924463, 924463, 924463, 924463, 924463, 924463, 924463, 924463, 924463, 924463, 924463, 924463, 924463, 924463, 924463, 924463, 924463, 924463, 924463, 924463, 924463, 924463, 924463, 924463, 924463, 924463, 924463, 924463, 924463, 924463, 
1093927, 1093927, 1093927, 1093927, 1093927, 1093927, 1093927, 1093927, 1093927, 1093927, 1093927, 1093927, 1093927, 1093927, 1093927, 1093927, 1093927, 1093927, 1093927, 1093927, 1093927, 1093927, 1093927, 1093927, 1093927, 1093927, 1093927, 1093927, 1093927, 1093927, 
1268927, 1268927, 1268927, 1268927, 1268927, 1268927, 1268927, 1268927, 1268927, 1268927, 1268927, 1268927, 1268927, 1268927, 1268927, 1268927, 1268927, 1268927, 1268927, 1268927, 1268927, 1268927, 1268927, 1268927, 1268927, 1268927, 1268927, 1268927, 1268927, 1268927, 
1443927, 1443927, 1443927, 1443927, 1443927, 1443927, 1443927, 1443927, 1443927, 1443927, 1443927, 1443927, 1443927, 1443927, 1443927, 1443927, 1443927, 1443927, 1443927, 1443927, 1443927, 1443927, 1443927, 1443927, 1443927, 1443927, 1443927, 1443927, 1443927, 1443927, 
1618927, 1618927, 1618927, 1618927, 1618927, 1618927, 1618927, 1618927, 1618927, 1618927, 1618927, 1618927, 1618927, 1618927, 1618927, 1618927, 1618927, 1618927, 1618927, 1618927, 1618927, 1618927, 1618927, 1618927, 1618927, 1618927, 1618927, 1618927, 1618927, 1618927, 
